1, 2
3, 4
5, 6
5, 7
5, 4
5, 8
5, 9
5, 10
7, 11
7, 12
7, 10
7, 13
7, 14
7, 15
7, 16
7, 17
7, 18
7, 19
7, 20
7, 21
7, 22
7, 23
7, 24
7, 25
7, 26
7, 27
7, 28
7, 29
7, 30
7, 31
7, 32
7, 33
7, 34
7, 35
7, 36
7, 37
7, 38
7, 39
7, 40
7, 41
7, 2
7, 42
7, 43
7, 44
7, 45
7, 46
7, 47
7, 48
7, 49
7, 50
7, 8
7, 51
7, 52
7, 53
7, 54
7, 55
7, 56
7, 57
7, 4
7, 58
7, 9
7, 59
7, 60
7, 61
7, 62
7, 63
7, 64
7, 6
7, 65
7, 66
7, 67
7, 68
7, 69
7, 70
7, 71
7, 72
7, 73
7, 74
7, 75
7, 76
7, 77
7, 78
7, 79
7, 80
7, 81
7, 82
7, 83
7, 84
7, 85
7, 86
7, 87
7, 88
7, 89
11, 24
11, 90
11, 13
11, 14
11, 26
11, 28
11, 91
92, 93
92, 94
92, 95
92, 28
92, 14
92, 96
92, 91
94, 48
94, 32
94, 97
94, 98
94, 35
94, 99
94, 100
94, 28
10, 44
10, 98
10, 13
10, 101
10, 14
10, 15
10, 102
10, 103
10, 20
10, 104
10, 8
10, 24
10, 86
10, 26
10, 40
10, 105
10, 106
10, 54
10, 37
10, 107
10, 108
10, 109
10, 110
13, 111
13, 93
13, 112
13, 113
13, 114
13, 12
13, 115
13, 116
13, 14
13, 15
13, 16
13, 117
13, 118
13, 91
13, 119
13, 18
13, 56
13, 22
13, 120
13, 121
13, 24
13, 25
13, 122
13, 26
13, 123
13, 27
13, 124
13, 125
13, 28
13, 105
13, 126
13, 127
13, 128
13, 129
13, 130
13, 131
13, 37
13, 132
13, 107
13, 108
13, 41
13, 2
13, 133
13, 20
13, 42
13, 44
13, 98
13, 134
13, 135
13, 136
13, 47
13, 103
13, 137
13, 75
13, 104
13, 138
13, 8
13, 52
13, 139
13, 140
13, 141
13, 142
13, 54
13, 143
13, 55
13, 29
13, 144
13, 4
13, 145
13, 146
13, 9
13, 90
13, 147
13, 59
13, 148
13, 149
13, 150
13, 151
13, 61
13, 152
13, 62
13, 153
13, 154
13, 64
13, 23
13, 155
13, 156
13, 157
13, 158
13, 73
13, 159
13, 160
13, 161
13, 76
13, 162
13, 101
13, 163
13, 164
13, 165
13, 166
13, 167
13, 168
13, 169
13, 82
13, 83
13, 99
13, 80
13, 84
13, 170
13, 171
13, 172
13, 86
13, 173
13, 174
13, 175
13, 109
13, 176
13, 89
13, 110
13, 177
116, 30
116, 114
14, 93
14, 131
14, 12
14, 15
14, 17
14, 19
14, 56
14, 178
14, 22
14, 24
14, 179
14, 75
14, 180
14, 28
14, 181
14, 105
14, 31
14, 129
14, 33
14, 182
14, 35
14, 37
14, 132
14, 183
14, 77
14, 184
14, 41
14, 133
14, 185
14, 186
14, 44
14, 187
14, 188
14, 98
14, 45
14, 189
14, 134
14, 190
14, 46
14, 135
14, 102
14, 191
14, 137
14, 192
14, 193
14, 48
14, 49
14, 194
14, 104
14, 8
14, 51
14, 140
14, 195
14, 142
14, 54
14, 151
14, 4
14, 58
14, 196
14, 146
14, 9
14, 90
14, 59
14, 152
14, 197
14, 154
14, 63
14, 198
14, 155
14, 43
14, 199
14, 200
14, 157
14, 201
14, 158
14, 202
14, 203
14, 204
14, 205
14, 73
14, 97
14, 206
14, 161
14, 207
14, 76
14, 162
14, 208
14, 209
14, 210
14, 211
14, 212
14, 213
14, 168
14, 169
14, 214
14, 172
14, 86
14, 215
14, 47
14, 216
14, 217
14, 218
14, 219
14, 220
14, 221
14, 175
14, 50
14, 222
14, 176
14, 223
14, 89
15, 93
15, 131
15, 17
15, 91
15, 224
15, 24
15, 179
15, 225
15, 28
15, 226
15, 29
15, 105
15, 227
15, 130
15, 38
15, 184
15, 41
15, 228
15, 229
15, 133
15, 230
15, 44
15, 187
15, 97
15, 98
15, 189
15, 190
15, 46
15, 231
15, 135
15, 103
15, 137
15, 192
15, 50
15, 232
15, 233
15, 234
15, 235
15, 236
15, 237
15, 140
15, 238
15, 142
15, 239
15, 146
15, 9
15, 90
15, 59
15, 149
15, 240
15, 241
15, 197
15, 154
15, 63
15, 43
15, 242
15, 157
15, 203
15, 204
15, 243
15, 70
15, 205
15, 73
15, 244
15, 245
15, 161
15, 76
15, 246
15, 162
15, 166
15, 247
15, 248
15, 167
15, 210
15, 212
15, 249
15, 168
15, 169
15, 214
15, 82
15, 127
15, 99
15, 250
15, 86
15, 216
15, 251
15, 219
15, 252
15, 196
15, 253
15, 175
15, 176
15, 89
17, 152
17, 97
17, 254
17, 255
17, 256
17, 231
17, 135
17, 99
17, 137
17, 203
17, 129
17, 98
17, 257
17, 145
17, 90
17, 258
259, 137
259, 61
259, 197
259, 62
259, 147
259, 98
259, 157
259, 169
259, 260
259, 139
259, 261
118, 160
118, 61
118, 41
118, 105
118, 98
262, 263
262, 68
262, 264
262, 265
91, 163
91, 97
91, 266
91, 267
91, 93
18, 123
18, 268
18, 164
239, 90
239, 57
19, 41
19, 8
147, 112
147, 98
147, 269
147, 197
147, 270
147, 154
147, 271
147, 272
147, 273
147, 274
147, 275
21, 105
21, 9
21, 98
21, 276
22, 61
22, 32
22, 277
22, 105
22, 98
22, 254
22, 86
22, 26
24, 61
24, 80
24, 98
24, 214
24, 134
24, 136
24, 137
24, 105
24, 104
24, 8
24, 29
24, 206
24, 129
24, 54
24, 151
24, 101
24, 278
24, 164
24, 165
24, 41
24, 279
24, 4
24, 90
24, 82
179, 62
179, 131
179, 113
179, 214
179, 36
179, 90
179, 280
179, 281
179, 162
179, 282
26, 80
26, 283
26, 98
26, 114
26, 197
26, 12
26, 154
26, 137
26, 62
26, 284
26, 139
26, 175
26, 72
26, 27
26, 144
26, 160
26, 127
26, 196
26, 165
26, 40
26, 166
26, 41
26, 82
285, 98
285, 196
285, 90
180, 137
180, 44
180, 286
287, 98
28, 20
28, 153
28, 105
28, 126
28, 288
28, 289
28, 37
28, 2
28, 159
28, 230
28, 290
28, 80
28, 98
28, 190
28, 231
28, 47
28, 103
28, 48
28, 178
28, 224
28, 291
28, 292
28, 293
28, 57
28, 59
28, 149
28, 294
28, 269
28, 154
28, 255
28, 63
28, 295
28, 296
28, 156
28, 297
28, 203
28, 73
28, 298
28, 209
28, 299
28, 211
28, 300
28, 301
28, 286
28, 9
28, 302
28, 303
28, 196
28, 304
28, 266
28, 277
28, 305
29, 137
29, 129
29, 105
29, 98
29, 8
29, 306
29, 203
29, 101
29, 136
30, 137
30, 160
30, 111
30, 80
30, 98
30, 292
105, 131
105, 107
105, 122
105, 153
105, 124
105, 130
105, 183
105, 159
105, 133
105, 44
105, 123
105, 307
105, 98
105, 134
105, 135
105, 136
105, 8
105, 141
105, 195
105, 142
105, 54
105, 55
105, 144
105, 308
105, 309
105, 90
105, 59
105, 310
105, 148
105, 311
105, 312
105, 60
105, 313
105, 152
105, 314
105, 315
105, 64
105, 43
105, 81
105, 158
105, 204
105, 73
105, 316
105, 76
105, 163
105, 278
105, 317
105, 209
105, 318
105, 167
105, 82
105, 85
105, 86
105, 319
105, 216
105, 320
105, 219
105, 175
105, 222
105, 321
105, 109
105, 176
105, 149
31, 240
31, 213
31, 46
31, 135
31, 210
31, 201
31, 32
31, 322
31, 76
31, 159
31, 59
31, 100
32, 129
32, 135
32, 190
32, 46
32, 231
32, 205
32, 100
32, 199
129, 131
129, 183
129, 323
129, 159
129, 185
129, 98
129, 189
129, 134
129, 136
129, 102
129, 47
129, 137
129, 178
129, 140
129, 291
129, 292
129, 57
129, 324
129, 145
129, 146
129, 100
129, 321
129, 149
129, 312
129, 61
129, 152
129, 269
129, 199
129, 325
129, 158
129, 244
129, 246
129, 163
129, 278
129, 326
129, 327
129, 214
129, 99
129, 328
129, 286
129, 96
129, 267
129, 329
129, 319
129, 320
129, 252
129, 257
129, 330
129, 304
129, 201
129, 176
33, 182
182, 70
182, 8
35, 184
35, 212
35, 201
35, 90
35, 292
36, 49
36, 331
36, 98
36, 249
36, 108
37, 131
38, 137
38, 42
38, 332
38, 333
38, 98
38, 334
38, 73
38, 201
38, 316
38, 165
132, 137
132, 160
39, 298
183, 315
183, 152
183, 302
183, 335
183, 266
183, 164
183, 336
183, 277
183, 337
183, 230
183, 282
108, 52
108, 4
108, 333
108, 338
40, 80
40, 54
41, 98
41, 141
41, 144
41, 2
41, 90
41, 185
323, 339
323, 50
323, 340
323, 341
323, 226
323, 342
323, 343
323, 344
323, 345
323, 346
323, 347
323, 348
323, 349
323, 288
323, 350
323, 351
323, 352
323, 299
323, 268
323, 353
323, 354
323, 311
323, 355
333, 137
333, 325
333, 332
333, 356
2, 73
2, 357
159, 358
159, 359
159, 295
159, 137
159, 286
159, 178
159, 273
159, 98
159, 360
159, 361
159, 324
159, 362
159, 196
159, 90
159, 230
133, 137
133, 61
133, 98
133, 157
133, 266
133, 90
133, 205
133, 102
133, 164
150, 286
42, 218
42, 62
42, 363
42, 364
42, 109
42, 134
42, 154
42, 72
42, 173
42, 165
43, 137
43, 97
43, 98
43, 86
43, 90
240, 365
80, 158
80, 54
80, 223
80, 151
80, 59
44, 278
44, 98
44, 256
44, 231
44, 136
44, 102
44, 47
44, 137
44, 104
44, 138
44, 164
44, 202
44, 205
44, 206
44, 106
44, 245
44, 161
44, 76
44, 246
44, 101
44, 165
44, 90
123, 279
123, 219
123, 59
123, 268
123, 282
307, 98
307, 189
307, 82
307, 366
307, 84
307, 316
307, 367
307, 139
307, 336
97, 98
97, 134
97, 368
97, 84
97, 47
97, 137
97, 369
97, 245
97, 104
97, 81
97, 153
97, 79
97, 206
97, 327
97, 106
97, 291
97, 76
97, 370
97, 299
97, 278
97, 164
97, 315
97, 78
97, 324
97, 90
97, 371
97, 282
97, 372
97, 355
98, 134
98, 135
98, 136
98, 102
98, 47
98, 137
98, 373
98, 48
98, 49
98, 104
98, 8
98, 51
98, 140
98, 141
98, 195
98, 142
98, 54
98, 151
98, 374
98, 144
98, 4
98, 145
98, 146
98, 90
98, 59
98, 149
98, 61
98, 375
98, 152
98, 265
98, 269
98, 254
98, 197
98, 154
98, 63
98, 199
98, 156
98, 157
98, 81
98, 201
98, 158
98, 204
98, 376
98, 70
98, 205
98, 73
98, 160
98, 206
98, 244
98, 106
98, 161
98, 76
98, 246
98, 162
98, 163
98, 166
98, 317
98, 209
98, 247
98, 318
98, 167
98, 355
98, 263
98, 211
98, 212
98, 338
98, 213
98, 168
98, 214
98, 366
98, 99
98, 84
98, 170
98, 171
98, 85
98, 286
98, 377
98, 86
98, 173
98, 319
98, 216
98, 218
98, 87
98, 320
98, 219
98, 378
98, 379
98, 380
98, 369
98, 174
98, 221
98, 175
98, 361
98, 277
98, 222
98, 88
98, 260
98, 176
98, 89
98, 282
98, 177
98, 111
98, 113
98, 107
98, 115
98, 139
98, 148
98, 121
98, 124
98, 128
98, 172
98, 130
98, 77
98, 381
98, 95
98, 230
98, 189
98, 192
98, 193
98, 232
98, 226
98, 382
98, 308
98, 383
98, 309
98, 384
98, 280
98, 310
98, 337
98, 385
98, 386
98, 364
98, 312
98, 60
98, 314
98, 315
98, 387
98, 68
98, 388
98, 389
98, 349
98, 390
98, 391
98, 392
98, 356
98, 393
98, 394
98, 395
98, 300
98, 396
98, 397
98, 264
98, 398
98, 339
98, 399
98, 328
98, 367
98, 400
98, 401
134, 292
134, 254
134, 136
134, 267
134, 167
134, 47
134, 60
46, 231
46, 6
46, 301
46, 402
46, 210
46, 205
46, 100
46, 278
46, 206
231, 255
231, 190
231, 83
231, 6
231, 331
231, 201
231, 203
231, 235
231, 206
231, 322
231, 76
231, 48
231, 77
231, 209
231, 90
135, 254
135, 197
135, 208
135, 189
135, 102
135, 137
135, 86
135, 195
135, 207
135, 76
135, 369
135, 317
135, 90
135, 89
135, 100
135, 185
136, 84
136, 102
136, 328
136, 403
136, 326
136, 204
136, 404
136, 160
136, 137
136, 161
136, 76
136, 266
136, 247
136, 146
136, 405
136, 167
136, 60
102, 328
102, 137
102, 403
102, 326
102, 204
102, 219
102, 252
102, 76
102, 161
102, 266
102, 199
102, 406
47, 366
47, 286
47, 161
47, 207
47, 76
47, 196
47, 167
47, 60
103, 8
103, 286
137, 407
137, 131
137, 148
137, 121
137, 230
137, 208
137, 192
137, 48
137, 140
137, 291
137, 292
137, 90
137, 59
137, 311
137, 149
137, 312
137, 61
137, 152
137, 294
137, 269
137, 408
137, 198
137, 158
137, 122
137, 244
137, 161
137, 76
137, 246
137, 163
137, 166
137, 317
137, 355
137, 211
137, 169
137, 82
137, 99
137, 328
137, 85
137, 286
137, 403
137, 86
137, 267
137, 216
137, 320
137, 219
137, 257
137, 409
137, 175
137, 176
137, 410
373, 250
373, 83
373, 49
373, 249
373, 255
373, 256
373, 411
48, 82
48, 297
48, 203
48, 59
48, 357
49, 45
49, 83
49, 99
49, 411
49, 156
49, 250
49, 258
104, 172
104, 308
138, 192
138, 403
138, 76
138, 196
138, 161
138, 167
412, 413
412, 223
8, 202
8, 203
8, 161
8, 55
8, 4
235, 209
51, 281
51, 280
52, 4
52, 414
140, 156
140, 120
140, 306
140, 101
140, 185
140, 414
53, 23
53, 12
53, 57
141, 62
141, 197
195, 164
195, 161
195, 207
195, 278
195, 215
142, 353
142, 154
142, 84
142, 278
142, 164
54, 164
151, 59
415, 154
415, 62
324, 295
324, 320
324, 369
324, 257
324, 361
324, 327
324, 416
324, 230
4, 221
145, 202
145, 417
145, 357
145, 165
58, 59
58, 355
146, 76
146, 268
146, 205
146, 282
9, 202
9, 203
9, 204
9, 243
9, 376
9, 70
9, 205
9, 73
9, 90
90, 59
90, 61
90, 152
90, 63
90, 203
90, 204
90, 243
90, 316
90, 206
90, 245
90, 161
90, 76
90, 162
90, 165
90, 317
90, 209
90, 247
90, 318
90, 212
90, 249
90, 99
90, 418
90, 85
90, 419
90, 286
90, 250
90, 377
90, 420
90, 86
90, 421
90, 346
90, 173
90, 319
90, 216
90, 422
90, 218
90, 87
90, 320
90, 251
90, 423
90, 219
90, 424
90, 252
90, 378
90, 379
59, 131
59, 12
59, 148
59, 23
59, 223
59, 184
59, 425
59, 191
59, 192
59, 336
59, 426
59, 427
59, 61
59, 200
59, 201
59, 206
59, 76
59, 216
59, 217
59, 218
59, 193
59, 222
334, 428
334, 292
334, 73
100, 96
100, 201
100, 199
149, 196
149, 256
149, 366
372, 429
372, 255
372, 256
372, 430
61, 12
61, 155
61, 431
61, 428
61, 189
61, 384
61, 385
61, 386
61, 148
61, 265
61, 242
61, 156
61, 66
61, 157
61, 201
61, 73
61, 356
61, 300
61, 84
61, 86
61, 173
61, 218
61, 87
61, 219
61, 378
61, 221
61, 222
61, 364
61, 88
61, 176
61, 89
375, 266
152, 303
152, 318
152, 260
62, 189
62, 154
62, 432
62, 85
62, 325
62, 173
62, 378
62, 212
294, 286
294, 327
294, 433
265, 263
265, 232
265, 81
265, 434
269, 397
269, 368
269, 303
269, 435
269, 376
269, 70
269, 436
269, 437
269, 438
269, 299
241, 212
241, 254
241, 201
241, 425
241, 292
241, 185
254, 439
254, 197
254, 154
254, 253
254, 67
254, 173
254, 325
254, 128
254, 219
254, 292
254, 428
254, 185
254, 60
197, 394
197, 154
197, 139
197, 156
197, 202
197, 367
197, 72
197, 73
197, 244
197, 219
197, 440
197, 441
197, 298
197, 189
270, 273
154, 139
154, 27
154, 173
154, 73
154, 325
154, 219
154, 379
154, 442
154, 428
154, 166
154, 358
154, 425
154, 318
154, 364
154, 167
63, 322
63, 73
64, 88
198, 160
198, 443
198, 355
199, 204
444, 439
325, 111
325, 20
325, 127
325, 292
325, 418
156, 250
156, 247
156, 83
445, 185
332, 338
332, 203
332, 99
332, 296
157, 261
157, 335
157, 89
81, 88
81, 219
201, 292
201, 57
201, 184
201, 185
158, 214
202, 286
203, 115
203, 286
203, 204
203, 446
203, 73
203, 206
203, 349
203, 430
203, 196
203, 223
203, 266
203, 77
203, 222
203, 311
204, 420
204, 376
204, 205
204, 206
204, 245
204, 161
204, 76
204, 257
204, 278
204, 164
204, 165
376, 327
70, 88
70, 383
70, 214
70, 378
70, 162
70, 392
205, 216
205, 161
205, 76
73, 315
73, 256
73, 85
73, 291
73, 106
73, 207
73, 167
73, 196
73, 246
73, 292
73, 247
73, 447
73, 260
73, 89
73, 357
316, 356
160, 383
160, 260
160, 421
160, 128
160, 113
160, 223
160, 246
160, 184
160, 166
160, 317
160, 361
160, 382
160, 308
160, 309
160, 384
206, 161
206, 207
206, 196
206, 391
206, 247
206, 357
244, 247
244, 387
244, 327
106, 89
245, 212
245, 377
245, 76
161, 101
161, 391
161, 278
161, 164
161, 165
161, 207
161, 347
207, 115
207, 164
207, 196
207, 278
76, 403
76, 212
76, 86
76, 302
76, 196
76, 165
162, 214
101, 403
163, 222
278, 313
278, 424
278, 164
278, 448
278, 347
278, 357
164, 347
164, 266
165, 403
165, 319
317, 382
317, 383
317, 86
317, 335
317, 84
317, 398
209, 219
209, 290
209, 222
209, 449
209, 355
247, 250
247, 86
247, 125
167, 279
167, 60
167, 196
167, 296
167, 387
263, 68
211, 111
211, 450
338, 290
338, 331
338, 219
213, 451
249, 450
168, 214
168, 83
169, 131
169, 280
169, 83
214, 99
366, 315
366, 208
99, 298
411, 356
84, 192
84, 219
84, 216
84, 185
171, 86
85, 139
419, 344
286, 452
286, 394
286, 358
286, 453
286, 284
286, 276
286, 268
86, 117
86, 148
86, 221
86, 382
86, 308
86, 176
86, 280
86, 310
86, 89
86, 385
421, 302
421, 227
421, 230
421, 361
346, 344
173, 148
173, 219
173, 364
319, 454
422, 344
422, 299
422, 455
218, 184
218, 423
218, 224
218, 234
87, 88
87, 196
87, 284
320, 153
320, 397
320, 299
251, 383
219, 232
219, 153
219, 409
219, 222
219, 88
219, 176
219, 148
219, 89
219, 282
424, 456
424, 60
252, 457
252, 299
378, 383
378, 392
196, 458
196, 426
196, 291
196, 57
196, 459
196, 363
196, 357
220, 185
369, 368
369, 299
369, 460
369, 310
174, 148
174, 155
174, 306
175, 114
175, 89
361, 315
277, 461
277, 462
277, 438
279, 302
109, 176
88, 394
88, 72
88, 388
88, 428
88, 384
88, 364
306, 340
260, 399
260, 139
89, 382
89, 367
89, 400
89, 172
89, 232
89, 389
89, 308
89, 383
89, 396
89, 385
354, 126
282, 117
282, 327
282, 185
177, 172
112, 275
112, 458
93, 77
113, 384
113, 280
113, 310
113, 463
12, 20
16, 71
117, 172
117, 315
117, 280
119, 464
120, 327
120, 414
23, 184
121, 299
121, 343
121, 344
25, 357
122, 153
122, 371
153, 465
153, 178
153, 340
153, 466
153, 126
153, 291
153, 467
153, 299
27, 192
126, 315
126, 468
172, 310
469, 302
469, 360
469, 273
469, 303
469, 358
469, 470
469, 295
469, 266
440, 471
77, 186
77, 322
428, 298
428, 255
428, 292
184, 425
184, 185
95, 284
425, 185
230, 302
230, 360
230, 456
230, 438
230, 472
230, 473
473, 314
473, 474
473, 371
357, 255
357, 348
357, 322
357, 289
357, 471
357, 450
357, 185
357, 60
185, 292
200, 290
187, 344
208, 475
189, 300
189, 274
190, 331
190, 194
50, 344
178, 387
233, 299
233, 344
224, 255
226, 450
430, 476
430, 370
430, 255
268, 477
292, 255
292, 363
478, 382
336, 313
426, 393
438, 470
438, 295
382, 389
308, 398
280, 310
310, 396
385, 398
311, 479
311, 341
311, 344
311, 480
314, 295
314, 362
255, 481
255, 298
295, 358
295, 482
295, 436
456, 266
456, 359
67, 348
67, 347
72, 266
344, 304
344, 330
344, 339
344, 340
344, 477
344, 483
344, 455
344, 343
344, 345
344, 484
344, 348
344, 288
344, 457
344, 352
344, 485
344, 486
344, 391
344, 487
344, 488
344, 299
344, 342
344, 489
344, 353
344, 410
345, 353
345, 347
347, 391
388, 356
349, 341
486, 343
486, 299
290, 402
290, 449
290, 451
370, 447
327, 482
490, 397
299, 340
299, 330
299, 328
299, 341
299, 343
299, 455
299, 457
299, 350
299, 394
299, 352
299, 487
299, 491
299, 488
299, 477
299, 485
299, 492
299, 489
393, 362
272, 451
341, 288
329, 302
276, 452
276, 266
276, 493
487, 485
487, 343
491, 443
488, 343
450, 348
450, 471
305, 350
410, 457
439, 494
472, 362
495, 288
496, 497
496, 443
435, 362
340, 343
498, 499
498, 335
343, 443
343, 436
343, 350
273, 359
457, 352
443, 436
335, 500
460, 441
